0.61607140302658 1.86819028854370
0.44308850169182 1.34363269805908
0.51255673170090 1.55428993701935
0.54447424411774 1.65107727050781
0.33535626530647 1.01694273948669
0.45274165272713 1.37290525436401
0.69394457340240 2.10433483123779
0.48009479045868 1.45585155487061
0.66964548826218 2.03064966201782
0.45233017206192 1.37165737152100
0.46335580945015 1.40509176254272
0.32976907491684 1.00000000000000
0.32976907491684 1.00000000000000
0.34528899192810 1.04706299304962
0.34288090467453 1.03976070880890
0.42032739520073 1.27461135387421
0.43668857216835 1.32422542572021
0.36339342594147 1.10196340084076
0.32976904511452 1.00000000000000
0.38171154260635 1.15751171112061
0.37791371345520 1.14599502086639
0.42836907505989 1.29899716377258
0.40175890922546 1.21830379962921
0.51868969202042 1.57288753986359
0.43523091077805 1.31980514526367
0.32976904511452 1.00000000000000
0.74630832672119 2.26312422752380
0.32976904511452 1.00000000000000
0.44356378912926 1.34507405757904
0.33916613459587 1.02849590778351
0.34839200973511 1.05647265911102
0.37153366208076 1.12664806842804
0.51273566484451 1.55483257770538
0.65389126539230 1.98287642002106
0.34583070874214 1.04870569705963
0.34046351909637 1.03243017196655
0.43205562233925 1.31017637252808
0.32976904511452 1.00000000000000
0.32976907491684 1.00000000000000
0.34712889790535 1.05264234542847
0.32976907491684 1.00000000000000
0.59456396102905 1.80297076702118
0.44286194443703 1.34294569492340
0.32976907491684 1.00000000000000
0.33891251683235 1.02772688865662
0.48168447613716 1.46067214012146
0.66097402572632 2.00435423851013
0.51690346002579 1.56747102737427
0.32976904511452 1.00000000000000
0.48437932133675 1.46884393692017
0.50296580791473 1.52520620822906
0.43951308727264 1.33279049396515
0.44683703780174 1.35499989986420
0.55132985115051 1.67186653614044
0.32976904511452 1.00000000000000
0.46516850590706 1.41058874130249
0.64759087562561 1.96377086639404
0.34834271669388 1.05632317066193
0.36975330114365 1.12124919891357
0.40012395381927 1.21334600448608
0.43607467412949 1.32236385345459
0.32976904511452 1.00000000000000
0.38415065407753 1.16490817070007
0.38696730136871 1.17344927787781
0.48152285814285 1.46018195152283
0.32976907491684 1.00000000000000
0.32976904511452 1.00000000000000
0.63104951381683 1.91361033916473
0.34259358048439 1.03888940811157
0.40779793262482 1.23661673069000
0.52222162485123 1.58359801769257
0.52211785316467 1.58328330516815
0.39199924468994 1.18870830535889
0.35059720277786 1.06315982341766
0.35954034328461 1.09027910232544
0.36283937096596 1.10028314590454
0.36980393528938 1.12140274047852
0.37463527917862 1.13605344295502
0.47813841700554 1.44991898536682
0.32976904511452 1.00000000000000
0.32976907491684 1.00000000000000
0.38110557198524 1.15567409992218
0.41755011677742 1.26618945598602
0.53263348340988 1.61517107486725
0.51770728826523 1.56990861892700
0.67905527353287 2.05918431282043
0.40263524651527 1.22096121311188
0.64508146047592 1.95616126060486
0.32976904511452 1.00000000000000
0.50236594676971 1.52338707447052
0.36982947587967 1.12148022651672
0.43028533458710 1.30480802059174
0.41571393609047 1.26062130928040
0.32976904511452 1.00000000000000
0.32976907491684 1.00000000000000
0.61176455020905 1.85513007640839
0.47864449024200 1.45145356655121
0.58969652652740 1.78821051120758
0.62226617336273 1.88697552680969
0.32976907491684 1.00000000000000
0.38953661918640 1.18124067783356
0.37418365478516 1.13468396663666
0.32976904511452 1.00000000000000
0.38855949044228 1.17827749252319
0.60368084907532 1.83061707019806
0.73161613941193 2.21857118606567
0.47389972209930 1.43706548213959
0.32976907491684 1.00000000000000
0.50131142139435 1.52018928527832
0.36237883567810 1.09888660907745
0.32976904511452 1.00000000000000
0.34495395421982 1.04604709148407
0.63156229257584 1.91516530513763
0.39761066436768 1.20572459697723
0.40899330377579 1.24024152755737
0.57736891508102 1.75082802772522
0.43824890255928 1.32895696163177
0.32976904511452 1.00000000000000
0.62105834484100 1.88331282138824
0.34811860322952 1.05564355850220
0.32976904511452 1.00000000000000
0.61878454685211 1.87641775608063
0.40607535839081 1.23139309883118
0.38946247100830 1.18101572990417
0.78772807121277 2.38872647285461
0.41928490996361 1.27145016193390
0.32976904511452 1.00000000000000
0.71662253141403 2.17310404777527
0.58186328411102 1.76445686817169
0.32976904511452 1.00000000000000
0.38450935482979 1.16599583625793
0.37454259395599 1.13577246665955
0.45249366760254 1.37215316295624
0.35193595290184 1.06721937656403
0.39406657218933 1.19497740268707
0.60267394781113 1.82756364345551
0.72954040765762 2.21227669715881
0.32976904511452 1.00000000000000
0.36642464995384 1.11115539073944
0.69224089384079 2.09916877746582
0.80188435316086 2.43165421485901
0.40055745840073 1.21466052532196
0.32976904511452 1.00000000000000
0.79228699207306 2.40255093574524
0.48950925469398 1.48440015316010
0.32976904511452 1.00000000000000
0.32976907491684 1.00000000000000
0.55567598342896 1.68504571914673
0.72719961404800 2.20517849922180
0.32976907491684 1.00000000000000
0.45157587528229 1.36936998367310
0.47051236033440 1.42679345607758
0.32976907491684 1.00000000000000
0.74302685260773 2.25317335128784
0.46665900945663 1.41510844230652
0.39082816243172 1.18515717983246
0.64740943908691 1.96322071552277
0.38379552960396 1.16383123397827
0.42264965176582 1.28165340423584
0.58362519741058 1.76979970932007
0.36394754052162 1.10364365577698
0.32976907491684 1.00000000000000
0.40023276209831 1.21367597579956
0.32976907491684 1.00000000000000
0.32976904511452 1.00000000000000
0.32976904511452 1.00000000000000
0.40273857116699 1.22127461433411
0.32976904511452 1.00000000000000
0.32976907491684 1.00000000000000
0.44677546620369 1.35481309890747
0.59636157751083 1.80842173099518
0.68891602754593 2.08908629417419
0.33694279193878 1.02175378799438
0.54242151975632 1.64485263824463
0.75772887468338 2.29775619506836
0.32976907491684 1.00000000000000
0.66665524244308 2.02158212661743
0.32976907491684 1.00000000000000
0.35794958472252 1.08545529842377
0.36369287967682 1.10287141799927
0.71066564321518 2.15504026412964
0.56216722726822 1.70472991466522
0.40623235702515 1.23186910152435
0.32976904511452 1.00000000000000
0.48299282789230 1.46463954448700
0.34956014156342 1.06001496315002
0.34650292992592 1.05074417591095
0.39898601174355 1.20989513397217
0.81347060203552 2.46678876876831
0.49683436751366 1.50661301612854
0.81456011533737 2.47009253501892
0.74136227369308 2.24812555313110
0.32976904511452 1.00000000000000
0.58357322216034 1.76964199542999
0.37581712007523 1.13963735103607
0.32976904511452 1.00000000000000
0.32976904511452 1.00000000000000
0.54605120420456 1.65585947036743
0.47132682800293 1.42926323413849
0.87512803077698 2.65376019477844
0.56515806913376 1.71379959583282
