3908 5942
4876 4180
6619 11504
9763 9122
2807 5511
9255 11429
6461 3966
7699 11208
6308 4575
9106 8788
9505 9021
11910 12279
10877 4353
10410 10865
12013 9934
10759 6182
4216 10701
2414 11864
7413 8072
2187 6831
11871 6580
12219 7267
4487 636
3093 7200
2448 5042
7251 7174
2930 737
11368 7871
1162 2013
2499 11789
7008 9628
9940 2270
4657 3692
7297 2132
9620 9129
4825 10538
3804 9676
7161 2860
5302 6526
3564 10308
7853 10026
5301 4082
10307 9001
9218 5910
5721 6615
2485 11491
3937 839
4166 1392
7363 5719
5316 7497
2331 5490
5693 7464
8848 5694
1703 1734
9958 988
5029 3691
9172 7671
123 2205
5413 9091
11616 3879
6514 3512
4964 6040
9609 4029
8850 5749
5772 5174
609 7835
8412 3763
281 3675
10878 2209
10498 5277
4593 6101
2156 9248
10418 7254
11525 4055
5513 2057
10443 10094
5662 2880
10843 4401
5379 1908
3259 8633
11222 10444
11024 2358
8409 9157
4990 5963
9923 4857
11516 3883
4268 3260
5147 6310
6328 9043
9926 1084
7384 3382
8541 7952
7153 518
3075 12185
3384 8388
7795 7282
4584 8331
10878 368
219 55
9827 3507
11833 8817
11749 11661
8531 7249
8053 653
910 7273
6004 8438
7461 3548
4090 1457
2447 10681
10746 11796
4718 5689
7106 3321
6957 11087
7906 5358
9373 6922
1910 1138
5438 2825
2183 3089
11449 7123
9754 8867
3047 6717
7076 4182
10943 8697
10719 4860
1872 3053
4820 8350
11209 4061
332 11121
4416 9995
5453 8883
9711 3321
11596 10611
2709 355
4820 7430
3562 349
12236 5295
10806 5447
9403 10859
6563 7535
11929 389
9495 1096
8217 7546
5553 6996
2690 2133
3762 12286
9060 282
11846 6667
7046 4649
3037 2451
10680 11793
6205 8964
10746 1899
2467 3321
6536 2671
8076 3762
1391 1299
6927 6009
4450 11145
10957 1058
5394 10473
11556 2860
2047 2796
8765 9289
132 9244
6417 8169
10100 10739
7898 7351
7422 1013
7433 7470
5011 11472
10040 11107
1718 5116
1649 6704
10602 6550
9937 4152
2527 6458
11262 7629
3749 3120
6509 244
1634 5202
8831 1693
9061 5069
11483 7881
7792 9723
6912 11415
9046 4500
5840 11671
2595 8999
7023 9123
10985 9822
4038 8166
3026 156
10542 2751
3684 12262
10768 2073
9518 2798
8767 10981
815 1280
6967 6063
3289 809
